WETA_BB90132	21	1	534	412	55	440	65	488	86	510	616	532	167	595	445	650	1111	715	1014	880	2648	1000
WETA_BB90132	21	1	535	412	67	440	60	488	57	510	71	532	68	595	72	650	66	715	160	880	2115	0ed2
WETA_BB90132	21	1	536	412	54	440	64	488	64	510	72	532	56	595	64	650	47	715	81	880	736	0e78
WETA_BB90132	21	1	537	412	48	440	57	488	58	510	51	532	53	595	79	650	33	715	72	880	255	0e78
WETA_BB90132	21	1	538	412	48	440	52	488	52	510	64	532	64	595	62	650	54	715	62	880	154	0e6c
WETA_BB90132	21	1	539	412	52	440	57	488	53	510	64	532	57	595	65	650	54	715	61	880	114	0e6e
WETA_BB90132	21	1	540	412	51	440	48	488	49	510	61	532	85	595	67	650	58	715	55	880	93	0e47
WETA_BB90132	21	1	541	412	44	440	62	488	62	510	58	532	110	595	70	650	63	715	68	880	95	0e68
WETA_BB90132	21	1	542	412	64	440	52	488	60	510	52	532	55	595	66	650	47	715	58	880	91	0e3c
WETA_BB90132	21	1	543	412	34	440	59	488	66	510	35	532	57	595	56	650	56	715	74	880	87	0e4c
WETA_BB90132	21	1	544	412	56	440	53	488	46	510	41	532	48	595	47	650	81	715	67	880	73	0e41
WETA_BB90132	21	1	545	412	35	440	66	488	64	510	50	532	61	595	64	650	35	715	65	880	71	0e38
WETA_BB90132	21	1	546	412	68	440	69	488	69	510	53	532	48	595	43	650	43	715	58	880	82	0e4f
WETA_BB90132	21	1	547	412	77	440	50	488	41	510	64	532	67	595	70	650	64	715	68	880	76	0e46
WETA_BB90132	21	1	548	412	72	440	70	488	64	510	43	532	58	595	67	650	60	715	76	880	77	0e48
WETA_BB90132	21	1	549	412	70	440	69	488	66	510	65	532	51	595	48	650	44	715	86	880	83	0e4d
WETA_BB90132	21	1	550	412	61	440	72	488	54	510	67	532	57	595	65	650	48	715	63	880	75	0e43
WETA_BB90132	21	1	551	412	50	440	61	488	39	510	51	532	62	595	58	650	59	715	74	880	76	0e3f
WETA_BB90132	21	1	552	412	70	440	77	488	57	510	46	532	53	595	55	650	49	715	77	880	79	0e4f
WETA_BB90132	21	1	553	412	101	440	82	488	63	510	57	532	42	595	44	650	51	715	77	880	74	0e66
WETA_BB90132	21	1	554	412	52	440	52	488	50	510	73	532	63	595	60	650	52	715	70	880	96	0e32
WETA_BB90132	21	1	555	412	60	440	63	488	44	510	78	532	52	595	58	650	60	715	71	880	84	0e3e
WETA_BB90132	21	1	556	412	48	440	79	488	56	510	71	532	51	595	46	650	63	715	76	880	91	0e4a
WETA_BB90132	21	1	557	412	36	440	86	488	82	510	62	532	53	595	52	650	53	715	67	880	97	0e49
WETA_BB90132	21	1	558	412	40	440	53	488	76	510	60	532	55	595	64	650	52	715	60	880	91	0e37
WETA_BB90132	21	1	559	412	49	440	58	488	36	510	51	532	62	595	74	650	53	715	59	880	84	0e4c
WETA_BB90132	21	1	560	412	56	440	71	488	55	510	63	532	61	595	69	650	64	715	112	880	103	0e94
WETA_BB90132	21	1	561	412	64	440	74	488	57	510	63	532	59	595	56	650	51	715	59	880	75	0e4a
WETA_BB90132	21	1	562	412	37	440	73	488	64	510	64	532	60	595	65	650	49	715	59	880	69	0e4b
WETA_BB90132	21	1	563	412	59	440	60	488	58	510	68	532	53	595	57	650	69	715	63	880	72	0e4d
WETA_BB90132	21	1	564	412	75	440	57	488	51	510	63	532	56	595	60	650	53	715	81	880	68	0e41
WETA_BB90132	21	1	565	412	350	440	791	488	677	510	903	532	673	595	998	650	585	715	852	880	710	1027
WETA_BB90132	21	1	566	412	142	440	876	488	839	510	804	532	752	595	1009	650	1195	715	1193	880	1444	10db
WETA_BB90132	21	1	567	412	234	440	823	488	778	510	826	532	746	595	982	650	1153	715	1171	880	1404	10aa
WETA_BB90132	21	1	568	412	175	440	872	488	744	510	780	532	701	595	985	650	1117	715	1127	880	1319	10ab
WETA_BB90132	21	1	569	412	34	440	798	488	723	510	793	532	662	595	985	650	1093	715	1112	880	1305	107c
WETA_BB90132	21	1	570	412	362	440	792	488	712	510	893	532	700	595	976	650	1120	715	1141	880	1351	1094
WETA_BB90132	21	1	571	412	255	440	813	488	746	510	893	532	709	595	968	650	1084	715	1099	880	1374	10bb
WETA_BB90132	21	1	572	412	225	440	788	488	745	510	872	532	707	595	969	650	1062	715	1058	880	1371	10b3
WETA_BB90132	21	1	573	412	112	440	763	488	668	510	885	532	676	595	1007	650	1114	715	1085	880	1379	10db
WETA_BB90132	21	1	574	412	179	440	682	488	743	510	856	532	645	595	990	650	1015	715	1108	880	1397	10b3
WETA_BB90132	21	1	575	412	232	440	730	488	709	510	850	532	675	595	987	650	1050	715	1114	880	1433	109c
WETA_BB90132	21	1	576	412	273	440	676	488	719	510	858	532	701	595	994	650	1101	715	1111	880	1450	10a1
WETA_BB90132	21	1	577	412	131	440	705	488	704	510	843	532	689	595	1032	650	1062	715	1093	880	1419	10cb
WETA_BB90132	21	1	578	412	220	440	718	488	775	510	869	532	717	595	1066	650	1089	715	1096	880	1409	10e9
WETA_BB90132	21	1	579	412	234	440	758	488	716	510	914	532	738	595	1055	650	1118	715	1109	880	1425	10d8
WETA_BB90132	21	1	580	412	212	440	646	488	665	510	819	532	707	595	1042	650	1030	715	1086	880	1433	10c3
WETA_BB90132	21	1	581	412	149	440	710	488	702	510	864	532	691	595	1018	650	1056	715	1098	880	1411	10c9
WETA_BB90132	21	1	582	412	251	440	759	488	704	510	806	532	691	595	982	650	1010	715	1105	880	1421	1094
WETA_BB90132	21	1	583	412	166	440	708	488	668	510	885	532	658	595	953	650	1053	715	1092	880	1417	10b6
WETA_BB90132	21	1	584	412	198	440	623	488	704	510	802	532	661	595	955	650	1030	715	1055	880	1392	109c
WETA_BB90132	21	1	585	412	65	440	740	488	696	510	809	532	699	595	967	650	1047	715	1100	880	1437	1084
WETA_BB90132	21	1	586	412	156	440	751	488	738	510	808	532	708	595	1003	650	1028	715	1106	880	1452	10cb
WETA_BB90132	21	1	587	412	162	440	738	488	727	510	784	532	757	595	1038	650	979	715	1091	880	1424	10bb
WETA_BB90132	21	1	588	412	89	440	693	488	660	510	783	532	745	595	1029	650	986	715	1106	880	1419	108b
WETA_BB90132	21	1	589	412	152	440	707	488	695	510	779	532	755	595	998	650	975	715	1118	880	1448	109e
WETA_BB90132	21	1	590	412	362	440	719	488	675	510	775	532	763	595	1016	650	1012	715	1128	880	1458	10d4
WETA_BB90132	21	1	591	412	166	440	736	488	738	510	779	532	796	595	1003	650	963	715	1109	880	1437	10b6
WETA_BB90132	21	1	592	412	206	440	784	488	752	510	797	532	822	595	1050	650	1033	715	1110	880	1430	10bf
WETA_BB90132	21	1	593	412	149	440	792	488	765	510	782	532	855	595	1046	650	1023	715	1111	880	1442	10d1
WETA_BB90132	21	1	594	412	256	440	777	488	757	510	792	532	814	595	990	650	970	715	1119	880	1449	1091
WETA_BB90132	21	1	595	412	143	440	791	488	769	510	789	532	795	595	965	650	987	715	1120	880	1458	109c
WETA_BB90132	21	1	596	412	312	440	826	488	771	510	838	532	825	595	979	650	956	715	1116	880	1446	108b
WETA_BB90132	21	1	597	412	159	440	766	488	799	510	834	532	882	595	1000	650	914	715	1135	880	1479	10ba
WETA_BB90132	21	1	598	412	142	440	769	488	782	510	842	532	873	595	1007	650	982	715	1140	880	1482	10af
WETA_BB90132	21	1	599	412	227	440	719	488	759	510	885	532	840	595	993	650	993	715	1116	880	1498	109d
WETA_BB90132	21	1	600	412	101	440	771	488	760	510	779	532	826	595	975	650	912	715	1122	880	1517	106b
WETA_BB90132	21	1	601	412	99	440	699	488	734	510	829	532	840	595	976	650	949	715	1159	880	1555	1065
WETA_BB90132	21	1	602	412	68	440	813	488	831	510	835	532	820	595	964	650	964	715	1140	880	1546	103f
WETA_BB90132	21	1	603	412	152	440	778	488	793	510	802	532	799	595	961	650	1032	715	1154	880	1546	10a9
WETA_BB90132	21	1	604	412	258	440	820	488	812	510	786	532	823	595	1001	650	972	715	1144	880	1564	1099
WETA_BB90132	21	1	605	412	180	440	784	488	789	510	898	532	836	595	1033	650	977	715	1172	880	1582	10bd
WETA_BB90132	21	1	606	412	256	440	721	488	741	510	825	532	801	595	1022	650	972	715	1161	880	1563	1091
WETA_BB90132	21	1	607	412	246	440	772	488	768	510	815	532	806	595	981	650	988	715	1166	880	1565	108f
WETA_BB90132	21	1	608	412	269	440	755	488	784	510	809	532	775	595	985	650	954	715	1187	880	1583	109c
WETA_BB90132	21	1	609	412	291	440	772	488	755	510	788	532	779	595	1013	650	969	715	1187	880	1598	10ca
WETA_BB90132	21	1	610	412	144	440	830	488	765	510	806	532	801	595	1012	650	980	715	1178	880	1585	1098
WETA_BB90132	21	1	611	412	175	440	796	488	763	510	774	532	758	595	971	650	963	715	1189	880	1583	1093
WETA_BB90132	21	1	612	412	31	440	722	488	728	510	744	532	768	595	976	650	1038	715	1224	880	1571	1071
WETA_BB90132	21	1	613	412	120	440	747	488	758	510	776	532	753	595	975	650	948	715	1210	880	1582	107f
WETA_BB90132	21	1	614	412	170	440	759	488	758	510	746	532	775	595	961	650	955	715	1195	880	1581	108d
WETA_BB90132	21	1	615	412	141	440	764	488	791	510	772	532	754	595	970	650	1021	715	1239	880	1582	10a2
WETA_BB90132	21	1	616	412	180	440	823	488	804	510	796	532	735	595	942	650	992	715	1219	880	1550	107a
WETA_BB90132	21	1	617	412	138	440	772	488	806	510	728	532	735	595	940	650	981	715	1233	880	1553	1079
WETA_BB90132	21	1	618	412	187	440	763	488	772	510	817	532	750	595	955	650	986	715	1235	880	1579	1091
WETA_BB90132	21	1	619	412	170	440	712	488	718	510	774	532	727	595	922	650	971	715	1204	880	1555	1074
WETA_BB90132	21	1	620	412	370	440	707	488	755	510	735	532	721	595	946	650	1023	715	1208	880	1559	109d
WETA_BB90132	21	1	621	412	153	440	748	488	767	510	771	532	719	595	962	650	947	715	1200	880	1560	1078
WETA_BB90132	21	1	622	412	97	440	753	488	745	510	757	532	748	595	961	650	1035	715	1226	880	1566	1080
WETA_BB90132	21	1	623	412	244	440	779	488	781	510	721	532	755	595	972	650	1036	715	1214	880	1536	10a5
WETA_BB90132	21	1	624	412	277	440	735	488	789	510	767	532	757	595	982	650	1027	715	1249	880	1565	10c3
WETA_BB90132	21	1	625	412	241	440	678	488	723	510	756	532	790	595	1001	650	956	715	1216	880	1507	109f
WETA_BB90132	21	1	626	412	180	440	734	488	707	510	699	532	718	595	953	650	1024	715	1214	880	1524	10a2
WETA_BB90132	21	1	627	412	132	440	745	488	762	510	737	532	752	595	990	650	1020	715	1208	880	1519	109e
WETA_BB90132	21	1	628	412	232	440	707	488	747	510	760	532	756	595	1009	650	1011	715	1222	880	1534	10c2
WETA_BB90132	21	1	629	412	253	440	830	488	766	510	724	532	680	595	942	650	1058	715	1202	880	1518	10a0
WETA_BB90132	21	1	630	412	24	440	752	488	769	510	747	532	741	595	989	650	1038	715	1197	880	1508	1082
WETA_BB90132	21	1	631	412	149	440	719	488	748	510	763	532	724	595	970	650	1028	715	1174	880	1521	10a5
WETA_BB90132	21	1	632	412	167	440	730	488	688	510	697	532	695	595	959	650	955	715	1196	880	1523	1094
WETA_BB90132	21	1	633	412	283	440	740	488	769	510	771	532	738	595	1009	650	1005	715	1170	880	1463	10cd
WETA_BB90132	21	1	634	412	205	440	753	488	714	510	766	532	690	595	956	650	996	715	1194	880	1493	1088
WETA_BB90132	21	1	635	412	235	440	754	488	686	510	769	532	710	595	1008	650	1009	715	1166	880	1464	10d5
WETA_BB90132	21	1	636	412	234	440	671	488	699	510	694	532	699	595	977	650	1028	715	1179	880	1492	10c8
WETA_BB90132	21	1	637	412	244	440	802	488	701	510	740	532	706	595	1004	650	982	715	1191	880	1485	1095
WETA_BB90132	21	1	638	412	180	440	816	488	729	510	748	532	668	595	996	650	957	715	1152	880	1441	108d
WETA_BB90132	21	1	639	412	138	440	741	488	718	510	770	532	741	595	982	650	998	715	1194	880	1484	108c
WETA_BB90132	21	1	640	412	81	440	690	488	677	510	781	532	713	595	1000	650	978	715	1171	880	1460	106a
